bass_enable=false
bass_maxgain=5
compander_enable=true
compander_granularity=2
compander_response=95.0;200.0;400.0;800.0;1600.0;3400.0;7500.0;0;0;0;0;0;0;0
compander_time_freq_transforms=0
compander_timeconstant=0.22000
convolver_enable=false
convolver_file=/home/gene/.config/jamesdsp/irs/Audio-Technica ATH-M40x minimum phase 44100 Hz harman crinacle.wav
convolver_optimization_mode=0
convolver_waveform_edit=-80;-100;0;0;0;0
crossfeed_bs2b_fcut=650
crossfeed_bs2b_feed=95
crossfeed_enable=false
crossfeed_mode=2
ddc_enable=false
ddc_file=/home/gene/.config/jamesdsp/vdc/mh750.vdc
graphiceq_enable=false
graphiceq_param=GraphicEQ: 20 -0.2; 21 -0.4; 22 -0.6; 23 -1; 24 -1.3; 26 -1.9; 27 -2.2; 29 -2.8; 30 -3; 32 -3.5; 34 -3.9; 36 -4.3; 38 -4.7; 40 -5; 43 -5.4; 45 -5.7; 48 -6; 50 -6.2; 53 -6.5; 56 -6.7; 59 -6.8; 63 -6.9; 66 -7; 70 -7.1; 74 -7.1; 78 -7.1; 83 -7.1; 87 -7.3; 92 -7.5; 97 -7.9; 103 -8.3; 109 -8.7; 115 -9; 121 -9.4; 128 -9.6; 136 -9.7; 143 -9.5; 151 -9.3; 160 -9.3; 169 -9.2; 178 -9; 188 -8.8; 199 -8.4; 210 -8; 222 -7.4; 235 -6.7; 248 -6.1; 262 -5.5; 277 -4.8; 292 -4.3; 309 -3.9; 326 -3.5; 345 -3.3; 364 -3.4; 385 -3.5; 406 -3.5; 429 -3.5; 453 -3.5; 479 -3.6; 506 -3.6; 534 -3.7; 565 -3.8; 596 -3.9; 630 -3.9; 665 -4; 703 -4.1; 743 -4.3; 784 -4.4; 829 -4.5; 875 -4.7; 924 -4.8; 977 -5; 1032 -5.2; 1090 -5.5; 1151 -5.8; 1216 -6; 1284 -6.2; 1357 -6.2; 1433 -6.1; 1514 -6; 1599 -5.9; 1689 -5.8; 1784 -5.5; 1885 -5.1; 1991 -4.6; 2103 -4.3; 2221 -4; 2347 -3.8; 2479 -3.7; 2618 -3.7; 2766 -3.7; 2921 -3.8; 3086 -3.9; 3260 -4; 3443 -3.7; 3637 -3.4; 3842 -3.3; 4058 -3.6; 4287 -4.2; 4528 -3.9; 4783 -2.6; 5052 -1.9; 5337 -2.7; 5637 -3.1; 5955 -3.3; 6290 -3.9; 6644 -4.6; 7018 -5.3; 7414 -5.9; 7831 -6.3; 8272 -6.6; 8738 -7.2; 9230 -7.8; 9749 -8.2; 10298 -8.5; 10878 -9; 11490 -9.5; 12137 -10; 12821 -10.5; 13543 -11; 14305 -11.4; 15110 -11.9; 15961 -12.4; 16860 -12.9; 17809 -13.4; 18812 -14; 19871 -14.5
liveprog_enable=false
liveprog_file=/home/gene/.config/jamesdsp/liveprog/lowpass.eel
master_enable=true
master_limrelease=60
master_limthreshold=0
master_postgain=0
reverb_bassboost=0.20000
reverb_decay=1.90000
reverb_delay=0.00000
reverb_enable=false
reverb_finaldry=-12.00000
reverb_finalwet=-30.00000
reverb_lfo_spin=0.40000
reverb_lfo_wander=0.30000
reverb_lpf_bass=500
reverb_lpf_damp=9000
reverb_lpf_input=18000
reverb_lpf_output=18000
reverb_osf=2
reverb_reflection_amount=0.00000
reverb_reflection_factor=1.00000
reverb_reflection_width=1.00000
reverb_wet=-8.00000
reverb_width=1.00000
stereowide_enable=true
stereowide_level=55
tone_enable=false
tone_eq=25.0;40.0;63.0;100.0;160.0;250.0;400.0;630.0;1000.0;1600.0;2500.0;4000.0;6300.0;10000.0;16000.0;0;0;0;0;0;0;0;0;0;0;0;0;0;0;0
tone_filtertype=0
tone_interpolation=0
tube_enable=true
tube_pregain=200
